"","TRAIN01","TRAIN02","TRAIN03","TRAIN04","TRAIN07","AGG09","AGG10","AGG14","AGG15","AGG16","AGG18","AGG19","AGG20","FEAR21","FEAR23","FEAR24","FEAR26","FEAR27","FEAR28","FEAR29","FEAR30","FEAR31","SEPR32","SEPR33","SEPR34","EXCITE35","EXCITE36","EXCITE37","EXCITE38","ATT39","ATT41","PLAY43","PLAY44","PLAY45","PLAY46","IMP47","IMP48","MISC52","MISC53","MISC54","MISC55","MISC56","MISC59","MISC60","MISC61","MISC62","MISC64","MISC65","MISC66","MISC67"
"TRAIN01",1,0.318,0.439,0.488,0.406,0.037,-0.006,0.009,-0.001,0.097,0.1,0.067,0.05,-0.035,-0.046,-0.094,0.063,0.015,0.067,0.162,0.09,0.056,0.077,0.119,0.193,-0.015,-0.055,0.012,-0.059,-0.16,0.054,-0.131,-0.16,-0.226,-0.136,0.218,0.157,0.184,0.268,0.092,-0.039,0.044,0.134,0.022,-0.036,0.224,0.311,0.355,0.239,0.175
"TRAIN02",0.318,1,0.511,0.423,0.302,0.044,0.043,0.048,0.054,0.083,0.038,0.027,0.055,0.071,0.063,0.066,0.13,0.108,0.154,0.151,0.147,0.103,0.102,0.178,0.159,0.11,0.046,0.075,0.037,-0.036,0.074,-0.072,-0.071,-0.095,-0.125,0.243,0.213,0.125,0.16,0.186,0.131,0.117,0.105,0.036,-0.001,0.165,0.234,0.218,0.218,0.207
"TRAIN03",0.439,0.511,1,0.485,0.322,0.03,0.023,-0.001,0.029,0.089,0.063,0.111,0.077,-0.006,0.015,0.012,0.104,0.01,0.11,0.139,0.181,0.051,0.171,0.246,0.217,0.165,0.052,0.095,0.096,-0.049,0.119,-0.077,-0.059,-0.169,-0.095,0.246,0.259,0.132,0.249,0.109,0.103,0.128,0.211,0.12,0.037,0.155,0.179,0.301,0.247,0.156
"TRAIN04",0.488,0.423,0.485,1,0.537,0.095,-0.046,0.04,0.024,0.074,0.049,0.03,0.113,0.13,0.083,0.061,0.096,0.108,0.161,0.121,0.148,0.143,0.136,0.193,0.23,0.089,-0.014,0.07,0.035,-0.176,0.032,-0.12,-0.152,-0.208,-0.18,0.296,0.267,0.109,0.198,0.209,0.086,0.122,0.253,0.071,-0.075,0.258,0.388,0.424,0.425,0.345
"TRAIN07",0.406,0.302,0.322,0.537,1,0.051,-0.052,0.062,0.022,0.127,0.088,0.031,0.105,0.155,0.165,0.148,0.133,0.151,0.261,0.147,0.213,0.18,0.17,0.245,0.18,0.061,-0.051,0.006,-0.081,-0.001,0.11,-0.196,-0.241,-0.338,-0.309,0.138,0.159,0.156,0.168,0.277,0.118,0.161,0.191,0.01,-0.094,0.394,0.575,0.61,0.568,0.487
"AGG09",0.037,0.044,0.03,0.095,0.051,1,0.662,0.532,0.793,0.504,0.466,0.309,0.147,0.552,0.536,0.519,0.233,0.259,0.265,0.162,0.162,0.172,0.142,0.026,0.102,0.015,0.01,0.007,-0.075,0.122,-0.014,-0.396,0.004,0.015,0.002,0.08,0.071,-0.008,-0.061,0.114,0.12,0.148,0.071,-0.037,0.062,0.195,0.07,0.091,0.215,0.221
"AGG10",-0.006,0.043,0.023,-0.046,-0.052,0.662,1,0.648,0.674,0.416,0.435,0.345,0.216,0.305,0.331,0.27,0.215,0.21,0.105,0.115,0.096,0.13,0.177,0.127,0.14,0.026,0.017,0.023,-0.001,0.096,0.011,-0.272,0.039,0.038,0.104,0.034,0.131,0.047,-0.002,0.009,0.025,0.038,0.069,-0.039,0.059,0.133,0.031,0.037,0.054,0.098
"AGG14",0.009,0.048,-0.001,0.04,0.062,0.532,0.648,1,0.51,0.357,0.357,0.254,0.217,0.302,0.358,0.307,0.162,0.172,0.131,0.114,0.067,0.094,0.204,0.13,0.158,0.086,-0.007,0.054,0.043,0.12,0.027,-0.266,-0.023,-0.029,0.04,0.102,0.087,0.174,0.024,0.091,0.071,0.026,0.071,-0.06,0.018,0.148,0.134,0.121,0.083,0.164
"AGG15",-0.001,0.054,0.029,0.024,0.022,0.793,0.674,0.51,1,0.451,0.436,0.368,0.25,0.507,0.56,0.6,0.373,0.248,0.252,0.162,0.161,0.111,0.123,0.064,0.091,0.056,-0.022,0.014,-0.048,0.006,-0.074,-0.443,-0.057,-0.083,-0.009,0.082,0.068,0.07,-0.011,0.067,0.141,0.126,-0.001,-0.039,0.044,0.12,0.101,0.107,0.209,0.158
"AGG16",0.097,0.083,0.089,0.074,0.127,0.504,0.416,0.357,0.451,1,0.795,0.596,0.434,0.235,0.256,0.258,0.189,0.518,0.17,0.088,0.165,0.352,0.077,0.039,0.033,0.02,-0.057,0.015,-0.014,0.047,0.006,-0.221,-0.016,-0.088,-0.035,0.046,0.126,0.016,-0.048,0.132,0.144,0.141,0.016,-0.101,-0.05,0.434,0.121,0.219,0.144,0.152
"AGG18",0.1,0.038,0.063,0.049,0.088,0.466,0.435,0.357,0.436,0.795,1,0.615,0.437,0.161,0.232,0.183,0.183,0.424,0.087,0.081,0.153,0.351,0.095,0.035,0.047,0.003,-0.004,0.008,-0.032,0.068,0.069,-0.174,0.042,0.04,0.01,0.132,0.155,0,0.002,0.062,0.114,0.038,0.077,-0.012,0.008,0.409,0.067,0.165,0.053,0.094
"AGG19",0.067,0.027,0.111,0.03,0.031,0.309,0.345,0.254,0.368,0.596,0.615,1,0.637,0.17,0.209,0.171,0.204,0.298,0.124,0.155,0.251,0.18,0.191,0.088,0.111,0.158,0.111,0.145,0.12,-0.018,0.03,-0.088,0.202,0.032,0.054,0.115,0.122,-0.027,0.037,0.092,0.13,0.087,0.144,-0.032,0.097,0.3,0.09,0.15,0.051,0.091
"AGG20",0.05,0.055,0.077,0.113,0.105,0.147,0.216,0.217,0.25,0.434,0.437,0.637,1,0.146,0.081,0.082,0.23,0.242,0.119,0.201,0.246,0.169,0.141,0.13,0.089,0.015,0.011,0.07,0.082,-0.032,0.107,-0.133,0.026,-0.109,-0.035,0.179,0.218,0.135,0.157,0.116,0.12,0.097,0.156,-0.118,-0.028,0.138,0.08,0.118,0.072,0.126
"FEAR21",-0.035,0.071,-0.006,0.13,0.155,0.552,0.305,0.302,0.507,0.235,0.161,0.17,0.146,1,0.83,0.856,0.467,0.436,0.593,0.207,0.293,0.341,0.217,0.066,0.113,0.175,-0.001,0.07,0.008,0.142,0.055,-0.405,-0.102,-0.101,-0.117,0.059,0.069,-0.016,-0.03,0.254,0.265,0.218,0.087,0.017,-0.022,0.108,0.078,0.088,0.349,0.372
"FEAR23",-0.046,0.063,0.015,0.083,0.165,0.536,0.331,0.358,0.56,0.256,0.232,0.209,0.081,0.83,1,0.847,0.418,0.451,0.566,0.147,0.192,0.371,0.24,0.129,0.128,0.1,0.033,0.012,-0.016,0.121,0.044,-0.426,-0.12,-0.081,-0.145,0.058,0.05,0,-0.109,0.257,0.256,0.265,0.092,-0.039,-0.005,0.159,0.059,0.127,0.329,0.348
"FEAR24",-0.094,0.066,0.012,0.061,0.148,0.519,0.27,0.307,0.6,0.258,0.183,0.171,0.082,0.856,0.847,1,0.515,0.476,0.528,0.192,0.18,0.359,0.206,0.049,0.081,0.123,0.001,0.065,0.008,0.155,0.034,-0.477,-0.161,-0.149,-0.187,0.021,0.037,0.007,-0.034,0.257,0.248,0.173,0.038,-0.053,-0.071,0.169,0.103,0.091,0.362,0.33
"FEAR26",0.063,0.13,0.104,0.096,0.133,0.233,0.215,0.162,0.373,0.189,0.183,0.204,0.23,0.467,0.418,0.515,1,0.324,0.473,0.404,0.415,0.303,0.221,0.161,0.139,0.092,0.073,0.043,0.055,0.116,0.035,-0.222,-0.039,-0.051,-0.029,0.104,0.155,0.106,0.064,0.225,0.154,0.18,0.153,-0.001,0.004,0.175,0.106,0.175,0.24,0.219
"FEAR27",0.015,0.108,0.01,0.108,0.151,0.259,0.21,0.172,0.248,0.518,0.424,0.298,0.242,0.436,0.451,0.476,0.324,1,0.353,0.191,0.24,0.796,0.084,0.067,0.035,0.058,-0.054,0.046,0.032,0.022,0.048,-0.131,-0.069,-0.078,-0.151,0.11,0.109,0.142,0.036,0.232,0.226,0.212,0.029,-0.045,-0.103,0.359,0.151,0.199,0.242,0.266
"FEAR28",0.067,0.154,0.11,0.161,0.261,0.265,0.105,0.131,0.252,0.17,0.087,0.124,0.119,0.593,0.566,0.528,0.473,0.353,1,0.232,0.382,0.382,0.245,0.16,0.145,0.101,0.1,0.065,0.097,0.052,0.085,-0.242,-0.089,-0.125,-0.124,0.069,0.137,0.06,-0.072,0.5,0.485,0.416,0.181,-0.036,-0.034,0.182,0.159,0.204,0.522,0.433
"FEAR29",0.162,0.151,0.139,0.121,0.147,0.162,0.115,0.114,0.162,0.088,0.081,0.155,0.201,0.207,0.147,0.192,0.404,0.191,0.232,1,0.598,0.252,0.167,0.159,0.147,0.054,0.04,0.07,0.055,0.037,0.078,-0.136,-0.041,-0.096,-0.108,0.125,0.134,0.166,0.126,0.246,0.156,0.152,0.11,0.053,-0.057,0.13,0.142,0.175,0.174,0.165
"FEAR30",0.09,0.147,0.181,0.148,0.213,0.162,0.096,0.067,0.161,0.165,0.153,0.251,0.246,0.293,0.192,0.18,0.415,0.24,0.382,0.598,1,0.26,0.215,0.225,0.231,0.052,0.073,0.047,0.086,-0.031,0.105,-0.092,-0.036,-0.112,-0.129,0.143,0.191,0.179,0.21,0.339,0.242,0.234,0.179,-0.026,-0.088,0.17,0.155,0.23,0.324,0.266
"FEAR31",0.056,0.103,0.051,0.143,0.18,0.172,0.13,0.094,0.111,0.352,0.351,0.18,0.169,0.341,0.371,0.359,0.303,0.796,0.382,0.252,0.26,1,0.063,0.072,0.073,0.047,-0.026,0.045,0.014,0.037,0.055,-0.107,-0.083,-0.096,-0.204,0.108,0.15,0.154,0.081,0.275,0.203,0.266,0.022,-0.054,-0.126,0.314,0.139,0.223,0.282,0.298
"SEPR32",0.077,0.102,0.171,0.136,0.17,0.142,0.177,0.204,0.123,0.077,0.095,0.191,0.141,0.217,0.24,0.206,0.221,0.084,0.245,0.167,0.215,0.063,1,0.651,0.627,0.301,0.151,0.229,0.139,0.179,0.187,-0.112,0.022,-0.026,-0.004,0.162,0.255,0.045,0.069,0.107,0.095,0.077,0.398,0.142,0.208,0.153,0.16,0.163,0.215,0.215
"SEPR33",0.119,0.178,0.246,0.193,0.245,0.026,0.127,0.13,0.064,0.039,0.035,0.088,0.13,0.066,0.129,0.049,0.161,0.067,0.16,0.159,0.225,0.072,0.651,1,0.643,0.262,0.11,0.136,0.123,0.117,0.208,-0.042,0.013,-0.055,0,0.188,0.24,0.079,0.172,0.113,0.143,0.097,0.372,0.158,0.193,0.148,0.211,0.212,0.245,0.206
"SEPR34",0.193,0.159,0.217,0.23,0.18,0.102,0.14,0.158,0.091,0.033,0.047,0.111,0.089,0.113,0.128,0.081,0.139,0.035,0.145,0.147,0.231,0.073,0.627,0.643,1,0.194,0.081,0.156,0.1,0.062,0.183,-0.098,-0.023,-0.079,0.033,0.219,0.224,0.097,0.218,0.134,0.17,0.094,0.424,0.161,0.203,0.149,0.228,0.253,0.235,0.194
"EXCITE35",-0.015,0.11,0.165,0.089,0.061,0.015,0.026,0.086,0.056,0.02,0.003,0.158,0.015,0.175,0.1,0.123,0.092,0.058,0.101,0.054,0.052,0.047,0.301,0.262,0.194,1,0.511,0.498,0.423,0.251,0.212,0.079,0.094,0.087,0.071,0.207,0.197,0.12,0.104,0.037,-0.004,-0.027,0.259,0.262,0.31,0.09,0.034,0.063,0.075,0.073
"EXCITE36",-0.055,0.046,0.052,-0.014,-0.051,0.01,0.017,-0.007,-0.022,-0.057,-0.004,0.111,0.011,-0.001,0.033,0.001,0.073,-0.054,0.1,0.04,0.073,-0.026,0.151,0.11,0.081,0.511,1,0.533,0.571,0.175,0.131,0.255,0.37,0.323,0.3,0.264,0.251,0.019,0.027,0.021,0.033,-0.021,0.232,0.341,0.404,0.025,-0.05,-0.048,-0.075,-0.055
"EXCITE37",0.012,0.075,0.095,0.07,0.006,0.007,0.023,0.054,0.014,0.015,0.008,0.145,0.07,0.07,0.012,0.065,0.043,0.046,0.065,0.07,0.047,0.045,0.229,0.136,0.156,0.498,0.533,1,0.678,0.153,0.148,0.121,0.204,0.128,0.155,0.236,0.244,0.085,0.137,0.072,0.017,0.018,0.202,0.228,0.275,0.1,-0.007,0.017,-0.007,0.009
"EXCITE38",-0.059,0.037,0.096,0.035,-0.081,-0.075,-0.001,0.043,-0.048,-0.014,-0.032,0.12,0.082,0.008,-0.016,0.008,0.055,0.032,0.097,0.055,0.086,0.014,0.139,0.123,0.1,0.423,0.571,0.678,1,0.11,0.129,0.215,0.27,0.212,0.255,0.286,0.245,0.076,0.089,0.047,0.047,0.032,0.203,0.236,0.287,0.058,-0.129,-0.066,-0.076,-0.079
"ATT39",-0.16,-0.036,-0.049,-0.176,-0.001,0.122,0.096,0.12,0.006,0.047,0.068,-0.018,-0.032,0.142,0.121,0.155,0.116,0.022,0.052,0.037,-0.031,0.037,0.179,0.117,0.062,0.251,0.175,0.153,0.11,1,0.326,-0.045,0.067,0.087,0.026,0.019,-0.008,0.104,0.011,0.017,-0.037,-0.014,0.048,0.196,0.202,0.047,0.05,0.021,0.029,0.083
"ATT41",0.054,0.074,0.119,0.032,0.11,-0.014,0.011,0.027,-0.074,0.006,0.069,0.03,0.107,0.055,0.044,0.034,0.035,0.048,0.085,0.078,0.105,0.055,0.187,0.208,0.183,0.212,0.131,0.148,0.129,0.326,1,0.046,0.037,0.057,-0.004,0.213,0.202,0.207,0.174,0.103,0.029,-0.02,0.243,0.204,0.134,0.124,0.134,0.131,0.133,0.132
"PLAY43",-0.131,-0.072,-0.077,-0.12,-0.196,-0.396,-0.272,-0.266,-0.443,-0.221,-0.174,-0.088,-0.133,-0.405,-0.426,-0.477,-0.222,-0.131,-0.242,-0.136,-0.092,-0.107,-0.112,-0.042,-0.098,0.079,0.255,0.121,0.215,-0.045,0.046,1,0.521,0.526,0.45,0.13,0.068,-0.09,-0.015,-0.179,-0.107,-0.157,0.099,0.284,0.254,-0.095,-0.174,-0.183,-0.281,-0.269
"PLAY44",-0.16,-0.071,-0.059,-0.152,-0.241,0.004,0.039,-0.023,-0.057,-0.016,0.042,0.202,0.026,-0.102,-0.12,-0.161,-0.039,-0.069,-0.089,-0.041,-0.036,-0.083,0.022,0.013,-0.023,0.094,0.37,0.204,0.27,0.067,0.037,0.521,1,0.771,0.766,0.251,0.186,-0.222,-0.156,-0.172,-0.061,-0.119,0.209,0.301,0.436,-0.05,-0.195,-0.195,-0.259,-0.268
"PLAY45",-0.226,-0.095,-0.169,-0.208,-0.338,0.015,0.038,-0.029,-0.083,-0.088,0.04,0.032,-0.109,-0.101,-0.081,-0.149,-0.051,-0.078,-0.125,-0.096,-0.112,-0.096,-0.026,-0.055,-0.079,0.087,0.323,0.128,0.212,0.087,0.057,0.526,0.771,1,0.722,0.193,0.11,-0.155,-0.151,-0.219,-0.092,-0.168,0.129,0.304,0.433,-0.08,-0.222,-0.266,-0.306,-0.293
"PLAY46",-0.136,-0.125,-0.095,-0.18,-0.309,0.002,0.104,0.04,-0.009,-0.035,0.01,0.054,-0.035,-0.117,-0.145,-0.187,-0.029,-0.151,-0.124,-0.108,-0.129,-0.204,-0.004,0,0.033,0.071,0.3,0.155,0.255,0.026,-0.004,0.45,0.766,0.722,1,0.208,0.091,-0.179,-0.128,-0.203,-0.092,-0.171,0.143,0.236,0.413,-0.166,-0.3,-0.307,-0.323,-0.347
"IMP47",0.218,0.243,0.246,0.296,0.138,0.08,0.034,0.102,0.082,0.046,0.132,0.115,0.179,0.059,0.058,0.021,0.104,0.11,0.069,0.125,0.143,0.108,0.162,0.188,0.219,0.207,0.264,0.236,0.286,0.019,0.213,0.13,0.251,0.193,0.208,1,0.596,0.156,0.236,0.037,0.03,0.059,0.45,0.26,0.241,0.176,0.069,0.16,0.093,0.05
"IMP48",0.157,0.213,0.259,0.267,0.159,0.071,0.131,0.087,0.068,0.126,0.155,0.122,0.218,0.069,0.05,0.037,0.155,0.109,0.137,0.134,0.191,0.15,0.255,0.24,0.224,0.197,0.251,0.244,0.245,-0.008,0.202,0.068,0.186,0.11,0.091,0.596,1,0.213,0.245,0.127,0.034,0.109,0.433,0.211,0.184,0.22,0.108,0.202,0.231,0.17
"MISC52",0.184,0.125,0.132,0.109,0.156,-0.008,0.047,0.174,0.07,0.016,0,-0.027,0.135,-0.016,0,0.007,0.106,0.142,0.06,0.166,0.179,0.154,0.045,0.079,0.097,0.12,0.019,0.085,0.076,0.104,0.207,-0.09,-0.222,-0.155,-0.179,0.156,0.213,1,0.542,0.176,0.012,0.112,0.081,0.043,-0.085,0.16,0.142,0.218,0.128,0.151
"MISC53",0.268,0.16,0.249,0.198,0.168,-0.061,-0.002,0.024,-0.011,-0.048,0.002,0.037,0.157,-0.03,-0.109,-0.034,0.064,0.036,-0.072,0.126,0.21,0.081,0.069,0.172,0.218,0.104,0.027,0.137,0.089,0.011,0.174,-0.015,-0.156,-0.151,-0.128,0.236,0.245,0.542,1,0.066,-0.022,0.071,0.217,-0.013,-0.036,0.131,0.122,0.19,0.122,0.075
"MISC54",0.092,0.186,0.109,0.209,0.277,0.114,0.009,0.091,0.067,0.132,0.062,0.092,0.116,0.254,0.257,0.257,0.225,0.232,0.5,0.246,0.339,0.275,0.107,0.113,0.134,0.037,0.021,0.072,0.047,0.017,0.103,-0.179,-0.172,-0.219,-0.203,0.037,0.127,0.176,0.066,1,0.624,0.611,0.076,-0.054,-0.178,0.206,0.283,0.269,0.43,0.388
"MISC55",-0.039,0.131,0.103,0.086,0.118,0.12,0.025,0.071,0.141,0.144,0.114,0.13,0.12,0.265,0.256,0.248,0.154,0.226,0.485,0.156,0.242,0.203,0.095,0.143,0.17,-0.004,0.033,0.017,0.047,-0.037,0.029,-0.107,-0.061,-0.092,-0.092,0.03,0.034,0.012,-0.022,0.624,1,0.642,0,0.013,-0.067,0.081,0.133,0.163,0.31,0.299
"MISC56",0.044,0.117,0.128,0.122,0.161,0.148,0.038,0.026,0.126,0.141,0.038,0.087,0.097,0.218,0.265,0.173,0.18,0.212,0.416,0.152,0.234,0.266,0.077,0.097,0.094,-0.027,-0.021,0.018,0.032,-0.014,-0.02,-0.157,-0.119,-0.168,-0.171,0.059,0.109,0.112,0.071,0.611,0.642,1,0.132,0.004,-0.091,0.163,0.209,0.191,0.351,0.321
"MISC59",0.134,0.105,0.211,0.253,0.191,0.071,0.069,0.071,-0.001,0.016,0.077,0.144,0.156,0.087,0.092,0.038,0.153,0.029,0.181,0.11,0.179,0.022,0.398,0.372,0.424,0.259,0.232,0.202,0.203,0.048,0.243,0.099,0.209,0.129,0.143,0.45,0.433,0.081,0.217,0.076,0,0.132,1,0.378,0.467,0.183,0.172,0.246,0.186,0.206
"MISC60",0.022,0.036,0.12,0.071,0.01,-0.037,-0.039,-0.06,-0.039,-0.101,-0.012,-0.032,-0.118,0.017,-0.039,-0.053,-0.001,-0.045,-0.036,0.053,-0.026,-0.054,0.142,0.158,0.161,0.262,0.341,0.228,0.236,0.196,0.204,0.284,0.301,0.304,0.236,0.26,0.211,0.043,-0.013,-0.054,0.013,0.004,0.378,1,0.62,0.164,0.021,0.034,-0.003,0.009
"MISC61",-0.036,-0.001,0.037,-0.075,-0.094,0.062,0.059,0.018,0.044,-0.05,0.008,0.097,-0.028,-0.022,-0.005,-0.071,0.004,-0.103,-0.034,-0.057,-0.088,-0.126,0.208,0.193,0.203,0.31,0.404,0.275,0.287,0.202,0.134,0.254,0.436,0.433,0.413,0.241,0.184,-0.085,-0.036,-0.178,-0.067,-0.091,0.467,0.62,1,0.093,-0.034,-0.074,-0.097,-0.066
"MISC62",0.224,0.165,0.155,0.258,0.394,0.195,0.133,0.148,0.12,0.434,0.409,0.3,0.138,0.108,0.159,0.169,0.175,0.359,0.182,0.13,0.17,0.314,0.153,0.148,0.149,0.09,0.025,0.1,0.058,0.047,0.124,-0.095,-0.05,-0.08,-0.166,0.176,0.22,0.16,0.131,0.206,0.081,0.163,0.183,0.164,0.093,1,0.367,0.447,0.348,0.311
"MISC64",0.311,0.234,0.179,0.388,0.575,0.07,0.031,0.134,0.101,0.121,0.067,0.09,0.08,0.078,0.059,0.103,0.106,0.151,0.159,0.142,0.155,0.139,0.16,0.211,0.228,0.034,-0.05,-0.007,-0.129,0.05,0.134,-0.174,-0.195,-0.222,-0.3,0.069,0.108,0.142,0.122,0.283,0.133,0.209,0.172,0.021,-0.034,0.367,1,0.65,0.534,0.506
"MISC65",0.355,0.218,0.301,0.424,0.61,0.091,0.037,0.121,0.107,0.219,0.165,0.15,0.118,0.088,0.127,0.091,0.175,0.199,0.204,0.175,0.23,0.223,0.163,0.212,0.253,0.063,-0.048,0.017,-0.066,0.021,0.131,-0.183,-0.195,-0.266,-0.307,0.16,0.202,0.218,0.19,0.269,0.163,0.191,0.246,0.034,-0.074,0.447,0.65,1,0.569,0.526
"MISC66",0.239,0.218,0.247,0.425,0.568,0.215,0.054,0.083,0.209,0.144,0.053,0.051,0.072,0.349,0.329,0.362,0.24,0.242,0.522,0.174,0.324,0.282,0.215,0.245,0.235,0.075,-0.075,-0.007,-0.076,0.029,0.133,-0.281,-0.259,-0.306,-0.323,0.093,0.231,0.128,0.122,0.43,0.31,0.351,0.186,-0.003,-0.097,0.348,0.534,0.569,1,0.699
"MISC67",0.175,0.207,0.156,0.345,0.487,0.221,0.098,0.164,0.158,0.152,0.094,0.091,0.126,0.372,0.348,0.33,0.219,0.266,0.433,0.165,0.266,0.298,0.215,0.206,0.194,0.073,-0.055,0.009,-0.079,0.083,0.132,-0.269,-0.268,-0.293,-0.347,0.05,0.17,0.151,0.075,0.388,0.299,0.321,0.206,0.009,-0.066,0.311,0.506,0.526,0.699,1
